Benchmark	TargetClockPeriod	BRAM_18K	DSP48E	FF	LUT	Clocks	Lut_as_Logic	Register	CARRY8	Lut_as_Shift_Register	Others	Block_RAM	IO	DSPs	F7_F8_Muxes 	Power
backprop_forward	5	140	34	5286	7934	3	7150	5076	521	124	864	73.5	309	34	433	2.927
backprop_forward	5	133	34	5472	7980	3	7106	5182	527	121	868	66.5	309	34	433	2.952
backprop_forward	5	358	484	62343	96920	3	94196	53894	7529	1290	12353	179	309	484	7021	6.643
cfd_step_factor	5	2	19	7308	9866	3	9055	7023	1045	183	1700	1	309	19	3	2.976
cfd_step_factor	4.55	17	19	7844	10030	3	8965	7339	1023	190	1737	9.5	309	19	13	3.021
cfd_step_factor	4.55	17	32	7676	8019	3	6923	6464	774	363	1631	9.5	309	32	0	2.947
cfd_step_factor	4.55	114	608	169379	201848	3	190456	137961	23779	4899	43082	57	309	608	272	14.059
cfd_step_factor	4.55	450	608	169462	219388	3	196183	141467	23788	4900	43795	225	309	608	304	14.862
cfd_step_factor	4.55	17	21	6086	7834	3	6699	5765	757	210	1502	9.5	309	21	0	2.816
cfd_step_factor	4.55	17	18	5663	6273	3	5206	5333	536	217	1137	9.5	309	18	0	2.813
cfd_step_factor	4.55	17	18	5690	6243	3	5201	5297	536	234	1137	9.5	309	18	0	2.817
cfd_step_factor	4.55	17	18	5854	6225	3	5185	5429	536	237	1137	9.5	309	18	0	2.817
cfd_step_factor	4.55	17	24	6591	7130	3	6001	5907	650	281	1357	9.5	309	24	0	2.893
cfd_step_factor	4.55	17	32	7676	8019	3	6921	6464	774	363	1631	9.5	309	32	0	2.951
kmeans	5	2	5	1656	1785	3	1150	1958	67	42	143	1	309	5	2	2.657
kmeans	5	258	5	2198	2864	3	1833	2343	83	60	160	129.5	309	5	0	2.731
kmeans	5	275	1191	131989	94797	3	89191	101964	4019	492	23510	137.5	309	1191	0	7.803
kmeans	5	275	1191	131989	94797	3	89191	101964	4019	492	23510	137.5	309	1191	0	7.803
kmeans	5	821	1193	134490	100700	3	91948	104043	4112	606	23746	410.5	309	1193	0	9.079
kmeans	4.17	282	7	13329	6114	3	4207	13433	86	42	277	141	309	7	544	2.969
kmeans	4.17	275	153	52809	26932	3	25931	43233	590	3037	3250	137.5	309	153	0	3.941
kmeans	4.17	282	7	13329	6114	3	4207	13433	86	42	277	141	309	7	544	2.969
kmeans	4.17	275	300	65215	41122	3	36124	52774	1080	5166	6266	137.5	309	300	0	4.65
kmeans	4.17	275	596	89170	68006	3	56127	70571	2063	9257	12299	137.5	309	596	0	4.973
kmeans	4.17	275	1191	125898	93299	3	85592	94851	4019	503	23815	137.5	309	1191	0	9.111
kmeans	6	282	239	36711	27247	3	21856	30036	846	496	4765	141	309	239	32	3.653
kmeans	6	275	1191	130881	94797	3	91957	95684	4019	453	23170	137.5	309	1191	0	6.665
kmeans	6	275	11	14846	8532	3	5649	14341	111	47	302	137.5	309	11	1602	2.853
kmeans	6	275	11	14846	8532	3	5649	14341	111	47	302	137.5	309	11	1602	2.853
kmeans	6	282	72	22812	16619	3	11818	20793	409	42	2176	141	309	72	0	2.798
kmeans	6	275	26	14901	7910	3	7320	14641	131	42	582	137.5	309	26	0	2.767
kmeans	6	275	1191	130881	94797	3	91963	95684	4019	453	23170	137.5	309	1191	0	6.67
kmeans	6	275	1191	130881	94797	3	91957	95684	4019	453	23170	137.5	309	1191	0	6.665
kmeans	6	275	1191	130881	94797	3	91963	95684	4019	453	23170	137.5	309	1191	0	6.67
kmeans	6	275	1191	130881	94797	3	91963	95684	4019	453	23170	137.5	309	1191	0	6.67
kmeans	6	275	1191	130881	94797	3	91957	95684	4019	453	23170	137.5	309	1191	0	6.665
knn	5	2	5	1396	1471	3	1015	1778	53	40	124	1	309	5	2	2.665
knn	5	5	5	1659	2119	3	1181	1983	51	41	135	2.5	309	5	0	2.653
knn	5	3	14	2002	1664	3	1136	1337	50	12	277	1.5	148	14	0	2.576
knn	5	2	28	103576	67898	3	38975	69786	94	36	551	1	148	28	29	2.993
knn	5	4	28	269545	135650	3	107649	268518	96	36	556	2	148	28	36	4.824
knn	4.17	1	5	101468	66006	3	34931	68471	19	16	100	0.5	148	5	1440	2.94
knn	4.17	1	7	101703	66307	3	35299	68626	29	16	158	0.5	148	7	1440	2.975
knn	4.17	2	7	101832	66327	3	35149	68712	29	16	159	1	148	7	1440	3.018
knn	4.17	2	14	102467	66937	3	36082	69255	52	16	302	1	148	14	1440	2.994
knn	4.17	2	28	103651	67862	3	39041	69826	94	54	557	1	148	28	65	3.116
lavaMD	5	2	24	4392	4264	3	3541	4450	165	46	393	1	309	24	5	2.744
lavaMD	5	15	26	5071	4927	3	3813	4497	175	43	478	7.5	309	26	5	2.86
lavaMD	5	2	26	107385	39490	3	45961	107712	182	43	389	1	309	24	10373	3.774
lavaMD	5	42	637	188758	122661	3	115081	169596	2359	1062	10085	1	309	635	5609	7.743
lavaMD	5	2	413	329751	675588	3	140806	233099	1346	1015	6133	1	309	412	4208	6.331
lavaMD	5	8	237	315928	90511	3	141982	268002	840	561	3872	4	513	233	10712	6.077
lavaMD	4.55	2	26	90086	28924	3	40362	90374	183	43	410	1	309	24	10349	3.272
lavaMD	4.55	2	266	277432	82160	3	98352	178640	890	1067	4131	1	309	264	5083	6.03
lavaMD	4.55	2	348	191977	90880	3	105387	177969	1157	1048	5490	1	309	346	5894	6.485
lavaMD	4.55	44	517	194410	103860	3	111429	178348	1642	1050	8066	1	309	515	3934	7.506
lavaMD	4.55	46	637	202540	119641	3	123080	182402	2361	1078	10617	1	309	635	4069	8.025
lavaMD	4.55	46	637	189732	122055	3	113735	169751	2361	1093	10629	1	309	635	5857	8.008
nw	5	45	0	1908	2715	3	2159	2722	149	52	50	24	309	0	0	2.647
nw	5	131	0	1637	2924	3	1934	2291	131	52	63	89	309	0	0	2.83
nw	5	258	0	5721	32744	3	137090	162944	3136	52	1384	641	309	192	0	4.918
nw	5	450	0	13081	65128	3	45704	32472	4160	52	1704	737	309	192	0	6.592
nw	5	514	0	6025	47821	3	140567	163222	3144	52	2160	769	309	400	0	5.484
nw	5	1028	0	20980	134622	3	161412	178568	3143	42	2417	1026	377	1536	0	7.09
nw	5	258	0	9416	27402	3	7761	10702	110	52	814	137	309	905	0	2.909
nw	5	258	0	9386	23423	3	9397	10498	114	52	815	134	309	577	0	2.913
nw	5	258	0	5913	31016	3	180604	226401	3008	52	1384	641	309	11456	0	8.042
nw	5	258	0	5721	32744	3	137731	163022	3136	52	1384	641	309	192	0	4.927
nw	5	258	0	1516	16277	3	4958	5535	110	52	814	137	309	576	0	2.959
nw	5	258	0	1518	16296	3	7111	4472	116	52	814	137	309	384	0	2.838
pathfinder	5	6	0	1092	1549	3	927	1558	44	41	48	3	307	0	0	2.651
pathfinder	5	66	0	9395	9818	3	8639	7981	43	41	425	33	307	1856	0	3.412
pathfinder	5	66	0	13569	16943	3	14754	9985	547	41	488	33	307	768	0	3.076
pathfinder	5	258	0	9597	29002	3	12299	10160	552	41	687	129	307	386	0	3.565
pathfinder	4.55	66	0	9395	9818	3	8644	7981	43	41	425	33	307	1856	0	3.512
pathfinder	4.55	66	0	9378	9814	3	8750	8004	43	41	424	33	307	2048	0	3.748
pathfinder	4.55	66	0	9380	9830	3	8281	7983	43	41	424	33	307	2048	0	3.744
pathfinder	4.55	66	0	9380	9830	3	8281	7983	43	41	424	33	307	2048	0	3.744
pathfinder	4.55	66	0	16162	33857	3	20740	12558	803	41	488	33	307	768	0	3.894
pathfinder	4.55	66	0	15797	29299	3	20712	12213	803	41	488	33	307	768	0	3.145
pathfinder	4.55	66	0	13825	16943	3	14547	10252	547	41	488	33	307	768	0	3.042
pathfinder	4.55	66	0	11737	31520	3	16241	8243	295	41	432	33	307	1743	0	3.904
srad	5	842	29	7131	9332	3	8473	6687	666	132	1149	501	307	29	3	3.293
srad	5	842	29	7131	9332	3	8486	6688	666	132	1149	501	307	29	3	3.297
srad	5	1474	1216	226025	221112	3	198057	150887	17780	5121	40616	833	307	1216	403	11.595
srad	4.55	1474	37	34387	18874	3	24071	33694	675	135	1949	833	307	37	8523	4.531
srad	4.55	1474	1216	236559	221137	3	197194	162703	17781	5222	41418	833	307	1216	784	12.306
srad	4.55	1474	37	34327	25855	3	21934	33734	675	135	1949	833	307	37	8779	4.074
srad	4.55	1474	76	40763	24868	3	29252	38473	1170	402	3305	833	307	76	8929	4.767
srad	4.55	1528	608	153505	130165	3	117556	103016	8961	4152	21173	833	307	608	520	8.793
srad	4.55	1506	304	110588	79157	3	70442	69840	4517	2406	10960	833	307	304	388	6.545
srad	4.55	1508	205	95237	62195	3	57915	57921	3210	2005	7833	833	307	205	975	6.577
srad	4.55	1506	152	85008	51116	3	48406	50772	2285	1270	5839	833	307	152	327	5.544
srad	4.55	1474	35	42651	25796	3	18113	16003	657	1020	1880	833	307	35	271	4.105
srad	4.55	1474	35	43928	32133	3	25234	40177	661	252	1879	833	307	35	5137	4.163
srad	5	1474	33	42823	25559	3	18317	16371	647	966	1785	833	307	33	264	3.721
srad	5	1474	1216	226025	221112	3	198057	150887	17780	5121	40616	833	307	1216	403	11.595
srad	5	1474	1216	226025	221112	3	198057	150887	17780	5121	40616	833	307	1216	403	11.595
srad	5	1474	33	43458	31824	3	24529	39837	651	198	1786	833	307	33	5123	4.294
srad	5	1474	1216	226025	221112	3	198057	150887	17780	5121	40616	833	307	1216	403	11.595
srad	5	1474	1216	226025	221112	3	198057	150887	17780	5121	40616	833	307	1216	403	11.595
srad	5	1474	1216	226025	221112	3	198057	150887	17780	5121	40616	833	307	1216	403	11.595
