Benchmark	Version	TargetClockPeriod	Best-caseLatency	Average-caseLatency	Worst-caseLatency	BRAM_18K	DSP48E	FF	LUT	URAM	Power	Clocks	Lut_as_Logic	Register	CARRY8	Lut_as_Shift_Register	Others	Block_RAM	IO	DSPs	F7_F8_Muxes 
backprop_forward	_0_baseline	5.00	9636948	undef	27566916	140	34	5286	7934	0	2.927	3	7150	5076	521	124	864	73.5	309	34	433
backprop_forward	_1_tiling	5.00	26290940	26290940	26290940	133	34	5472	7980	0	2.952	3	7106	5182	527	121	868	66.5	309	34	433
backprop_forward	_2_pipeline	5.00	1441997	1441997	1441997	358	484	62343	96920	0	6.643	3	94196	53894	7529	1290	12353	179	309	484	7021
backprop_forward	_3_unroll
backprop_forward	_4_doublebuffer
backprop_forward	_5_coalescing
backprop_forward	_6_multiddr
cfd_step_factor	_0_baseline	5.00	94214	94214	94214	2	19	7308	9866	0	2.976	3	9055	7023	1045	183	1700	1	309	19	3
cfd_step_factor	_1_tiling	4.55	102427	102427	102427	17	19	7844	10030	0	3.021	3	8965	7339	1023	190	1737	9.5	309	19	13
cfd_step_factor	_2_pipeline	4.55	10348	10348	10348	17	32	7676	8019	0	2.947	3	6923	6464	774	363	1631	9.5	309	32
cfd_step_factor	_3_unroll	4.55	7351	7351	7351	114	608	169379	201848	0	14.059	3	190456	137961	23779	4899	43082	57	309	608	272
cfd_step_factor	_4_doublebuffer	4.55	25	12353	24673	450	608	169462	219388	0	14.862	3	196183	141467	23788	4900	43795	225	309	608	304
cfd_step_factor	_5_coalescing	4.55	25	861	1689	478	528	98766	132192	0
cfd_step_factor	_6_multiddr
cfd_step_factor	_7_custom0	4.55	96284	96284	96284	17	21	6086	7834	0	2.816	3	6699	5765	757	210	1502	9.5	309	21
cfd_step_factor	_7_custom1	4.55	15463	15463	15463	17	18	5663	6273	0	2.813	3	5206	5333	536	217	1137	9.5	309	18
cfd_step_factor	_7_custom2	4.55	13417	13417	13417	17	18	5690	6243	0	2.817	3	5201	5297	536	234	1137	9.5	309	18
cfd_step_factor	_7_custom3	4.55	11373	11373	11373	17	18	5854	6225	0	2.817	3	5185	5429	536	237	1137	9.5	309	18
cfd_step_factor	_7_custom4	4.55	11370	11370	11370	17	24	6591	7130	0	2.893	3	6001	5907	650	281	1357	9.5	309	24
cfd_step_factor	_7_custom5	4.55	10348	10348	10348	17	32	7676	8019	0	2.951	3	6921	6464	774	363	1631	9.5	309	32
kmeans	_0_baseline	5.00	1469235206	1469235206	1469235206	2	5	1656	1785	0	2.657	3	1150	1958	67	42	143	1	309	5	2
kmeans	_1_tiling	5.00	926517882	926517882	926517882	258	5	2198	2864	0	2.731	3	1833	2343	83	60	160	129.5	309	5
kmeans	_2_pipeline	5.00	14764481	14764481	14764481	275	1191	131989	94797	0	7.803	3	89191	101964	4019	492	23510	137.5	309	1191
kmeans	_3_unroll	5.00	14764481	14764481	14764481	275	1191	131989	94797	0	7.803	3	89191	101964	4019	492	23510	137.5	309	1191
kmeans	_4_doublebuffer	5.00	487	7104073	14207557	821	1193	134490	100700	0	9.079	3	91948	104043	4112	606	23746	410.5	309	1193
kmeans	_5_coalescing	5.00	353	445685	891017	906	1206	137538	142728	0	7.941	3	94076	111041	4006	577	29875	431	
kmeans	_6_multiddr	5.00	353	445685	891017	906	1206	137538	142728	0	7.957	3	94101	111053	4006	577	29875	431	
kmeans	_7_custom0	4.17	2825014143	2825014143	2825014143	282	7	13329	6114	0	2.969	3	4207	13433	86	42	277	141	309	7	544
kmeans	_7_custom1	4.17	115944864	115944864	115944864	275	153	52809	26932	0	3.941	3	25931	43233	590	3037	3250	137.5	309	153
kmeans	_7_custom2	4.17	2825014143	2825014143	2825014143	282	7	13329	6114	0	2.969	3	4207	13433	86	42	277	141	309	7	544
kmeans	_7_custom3	4.17	58597488	58597488	58597488	275	300	65215	41122	0	4.650	3	36124	52774	1080	5166	6266	137.5	309	300
kmeans	_7_custom4	4.17	29515050	29515050	29515050	275	596	89170	68006	0	4.973	3	56127	70571	2063	9257	12299	137.5	309	596
kmeans	_7_custom5	4.17	14768381	14768381	14768381	275	1191	125898	93299	0	9.111	3	85592	94851	4019	503	23815	137.5	309	1191
kmeans	_7_custom6	6.00	313361343	313361343	313361343	282	239	36711	27247	0	3.653	3	21856	30036	846	496	4765	141	309	239	32
kmeans	_7_custom7	6.00	14764281	14764281	14764281	275	1191	130881	94797	0	6.665	3	91957	95684	4019	453	23170	137.5	309	1191
kmeans	_7_custom8	6.00	2544028543	2544028543	2544028543	275	11	14846	8532	0	2.853	3	5649	14341	111	47	302	137.5	309	11	1602
kmeans	_7_custom9	6.00	2544028543	2544028543	2544028543	275	11	14846	8532	0	2.853	3	5649	14341	111	47	302	137.5	309	11	1602
kmeans	_7_custom10	6.00	607439743	607439743	607439743	282	72	22812	16619	0	2.798	3	11818	20793	409	42	2176	141	309	72
kmeans	_7_custom11	6.00	372329343	372329343	372329343	275	26	14901	7910	0	2.767	3	7320	14641	131	42	582	137.5	309	26
kmeans	_7_custom12	6.00	14764281	14764281	14764281	275	1191	130881	94797	0	6.670	3	91963	95684	4019	453	23170	137.5	309	1191
kmeans	_7_custom13	6.00	14764281	14764281	14764281	275	1191	130881	94797	0	6.665	3	91957	95684	4019	453	23170	137.5	309	1191
kmeans	_7_custom14	6.00	14764281	14764281	14764281	275	1191	130881	94797	0	6.670	3	91963	95684	4019	453	23170	137.5	309	1191
kmeans	_7_custom15	6.00	14764281	14764281	14764281	275	1191	130881	94797	0	6.670	3	91963	95684	4019	453	23170	137.5	309	1191
kmeans	_7_custom16	6.00	14764281	14764281	14764281	275	1191	130881	94797	0	6.665	3	91957	95684	4019	453	23170	137.5	309	1191
knn	_0_baseline	5.00	46137350	46137350	46137350	2	5	1396	1471	0	2.665	3	1015	1778	53	40	124	1	309	5	2
knn	_1_tiling	5.00	32550925	32550925	32550925	5	5	1659	2119	0	2.653	3	1181	1983	51	41	135	2.5	309	5
knn	_2_pipeline	5.00	4247557	4247557	4247557	3	14	2002	1664	0	2.576	3	1136	1337	50	12	277	1.5	148	14
knn	_3_unroll	5.00	3741701	3741701	3741701	2	28	103576	67898	0	2.993	3	38975	69786	94	36	551	1	148	28	29
knn	_4_doublebuffer	5.00	6155	1059855	2113555	4	28	269545	135650	0	4.824	3	107649	268518	96	36	556	2	148	28	36
knn	_5_coalescing	5.00	6155	75855	145555	30	224	287266	53944	0	5.311	3	116496	279888	680	264	5285	15	
knn	_6_multiddr
knn	_7_custom0	4.17	46153734	46153734	46153734	1	5	100107	36396	0	3.028	3	27779	67330	19	
knn	_7_custom1	4.17	15810567	15810567	15810567	1	5	101468	66006	0	2.940	3	34931	68471	19	16	100	0.5	148	5	1440
knn	_7_custom2	4.17	14747655	14747655	14747655	1	7	101703	66307	0	2.975	3	35299	68626	29	16	158	0.5	148	7	1440
knn	_7_custom3	4.17	13705223	13705223	13705223	2	7	101832	66327	0	3.018	3	35149	68712	29	16	159	1	148	7	1440
knn	_7_custom4	4.17	7419911	7419911	7419911	2	14	102467	66937	0	2.994	3	36082	69255	52	16	302	1	148	14	1440
knn	_7_custom5	4.17	3753989	3753989	3753989	2	28	103651	67862	0	3.116	3	39041	69826	94	54	557	1	148	28	65
lavaMD	_0_baseline	5.00	263563866	263563866	263563866	2	24	4392	4264	0	2.744	3	3541	4450	165	46	393	1	309	24	5
lavaMD	_1_tiling	5.00	125691434	125691434	125691434	15	26	5071	4927	0	2.860	3	3813	4497	175	43	478	7.5	309	26	5
lavaMD	_2_pipeline	5.00	155683106	155683106	155683106	2	26	107385	39490	0	3.774	3	45961	107712	182	43	389	1	309	24	10373
lavaMD	_3_unroll	5.00	456218	456218	456218	42	637	188758	122661	0	7.743	3	115081	169596	2359	1062	10085	1	309	635	5609
lavaMD	_4_doublebuffer	5.00	8266	296106	583946	2	413	329751	675588	0	6.331	3	140806	233099	1346	1015	6133	1	309	412	4208
lavaMD	_5_coalescing	5.00	3458	571074	1138690	8	237	315928	90511	0	6.077	3	141982	268002	840	561	3872	4	513	233	10712
lavaMD	_6_multiddr
lavaMD	_7_custom0	4.55	173406634	173406634	173406634	2	26	90086	28924	0	3.272	3	40362	90374	183	43	410	1	309	24	10349
lavaMD	_7_custom1	4.55	1119146	1119146	1119146	2	266	277432	82160	0	6.030	3	98352	178640	890	1067	4131	1	309	264	5083
lavaMD	_7_custom2	4.55	855482	855482	855482	2	348	191977	90880	0	6.485	3	105387	177969	1157	1048	5490	1	309	346	5894
lavaMD	_7_custom3	4.55	591602	591602	591602	44	517	194410	103860	0	7.506	3	111429	178348	1642	1050	8066	1	309	515	3934
lavaMD	_7_custom4	4.55	482954	482954	482954	46	637	202540	119641	0	8.025	3	123080	182402	2361	1078	10617	1	309	635	4069
lavaMD	_7_custom5	4.55	458162	458162	458162	46	637	189732	122055	0	8.008	3	113735	169751	2361	1093	10629	1	309	635	5857
nw	_0_baseline	5.00	205933568	205933568	205933568	45	0	1908	2715	0	2.647	3	2159	2722	149	52	50	24	309
nw	_1_tiling	5.00	69085332	69085332	69085332	131	0	1637	2924	0	2.830	3	1934	2291	131	52	63	89	309
nw	_2_pipeline	5.00	792852	792852	792852	258	0	5721	32744	0	4.918	3	137090	162944	3136	52	1384	641	309	192
nw	_3_unroll	5.00	2119956	2119956	2119956	450	0	13081	65128	0	6.592	3	45704	32472	4160	52	1704	737	309	192
nw	_4_doublebuffer	5.00	18	792594	792594	514	0	6025	47821	0	5.484	3	140567	163222	3144	52	2160	769	309	400
nw	_5_coalescing	5.00	12	135264	135264	1028	0	20980	134622	0	7.090	3	161412	178568	3143	42	2417	1026	377	1536
nw	_6_multiddr
nw	_7_custom0	5.00	2268079764	2268079764	2268079764	258	0	9416	27402	0	2.909	3	7761	10702	110	52	814	137	309	905
nw	_7_custom1	5.00	52834964	52834964	52834964	258	0	9386	23423	0	2.913	3	9397	10498	114	52	815	134	309	577
nw	_7_custom2	5.00	794852	794852	794852	258	0	5913	31016	0	8.042	3	180604	226401	3008	52	1384	641	309	11456
nw	_7_custom3	5.00	792852	792852	792852	258	0	5721	32744	0	4.927	3	137731	163022	3136	52	1384	641	309	192
nw	_7_custom4	5.00	1578644	1578644	1578644	258	0	1516	16277	0	2.959	3	4958	5535	110	52	814	137	309	576
nw	_7_custom5	5.00	1188500	1188500	1188500	258	0	1518	16296	0	2.838	3	7111	4472	116	52	814	137	309	384
pathfinder	_0_baseline	5.00	12574736	12574736	12574736	6	0	1092	1549	0	2.651	3	927	1558	44	41	48	3	307
pathfinder	_1_tiling	5.00	8393049	8393049	8393049	66	0	9395	9818	0	3.412	3	8639	7981	43	41	425	33	307	1856
pathfinder	_2_pipeline
pathfinder	_3_unroll	5.00	6312281	6312281	6312281	66	0	13569	16943	0	3.076	3	14754	9985	547	41	488	33	307	768
pathfinder	_4_doublebuffer	5.00	2151643	2151643	2151643	258	0	9597	29002	0	3.565	3	12299	10160	552	41	687	129	307	386
pathfinder	_5_coalescing	5.00	17725	17725	17725	222	0	21018	76400	0	4.794	3	40021	15825	2084	40	942	111.5	
pathfinder	_6_multiddr
pathfinder	_7_custom0	4.55	8393049	8393049	8393049	66	0	9395	9818	0	3.512	3	8644	7981	43	41	425	33	307	1856
pathfinder	_7_custom1	4.55	6296921	6296921	6296921	66	0	9378	9814	0	3.748	3	8750	8004	43	41	424	33	307	2048
pathfinder	_7_custom2	4.55	5248345	5248345	5248345	66	0	9380	9830	0	3.744	3	8281	7983	43	41	424	33	307	2048
pathfinder	_7_custom3	4.55	5248345	5248345	5248345	66	0	9380	9830	0	3.744	3	8281	7983	43	41	424	33	307	2048
pathfinder	_7_custom4	4.55	6299993	6299993	6299993	66	0	16162	33857	0	3.894	3	20740	12558	803	41	488	33	307	768
pathfinder	_7_custom5	4.55	6304089	6304089	6304089	66	0	15797	29299	0	3.145	3	20712	12213	803	41	488	33	307	768
pathfinder	_7_custom6	4.55	6312281	6312281	6312281	66	0	13825	16943	0	3.042	3	14547	10252	547	41	488	33	307	768
pathfinder	_7_custom7	4.55	6328665	6328665	6328665	66	0	11737	31520	0	3.904	3	16241	8243	295	41	432	33	307	1743
srad	_0_baseline	5.00	15127988	22939412	30618196	842	29	7131	9332	0	3.293	3	8473	6687	666	132	1149	501	307	29	3
srad	_1_tiling	5.00	15127988	22939412	30618196	842	29	7131	9332	0	3.297	3	8486	6688	666	132	1149	501	307	29	3
srad	_2_pipeline	5.00	280474	280474	280474	1474	1216	226025	221112	0	11.595	3	198057	150887	17780	5121	40616	833	307	1216	403
srad	_3_unroll
srad	_4_doublebuffer
srad	_5_coalescing	5.00	14	22022	50294	2206	1216	227632	228268	0	11.335	3	198149	154344	17728	5027	47734	1231.5	
srad	_6_multiddr
srad	_7_custom0	4.55	15127988	23733204	32074164	1474	37	34387	18874	0	4.531	3	24071	33694	675	135	1949	833	307	37	8523
srad	_7_custom1	4.55	280494	280494	280494	1474	1216	236559	221137	0	12.306	3	197194	162703	17781	5222	41418	833	307	1216	784
srad	_7_custom2	4.55	1651064	10256280	18597240	1474	37	34327	25855	0	4.074	3	21934	33734	675	135	1949	833	307	37	8779
srad	_7_custom3	4.55	9316566	9316566	9316566	1474	76	40763	24868	0	4.767	3	29252	38473	1170	402	3305	833	307	76	8929
srad	_7_custom4	4.55	297022	297022	297022	1528	608	153505	130165	0	8.793	3	117556	103016	8961	4152	21173	833	307	608	520
srad	_7_custom5	4.55	330072	330072	330072	1506	304	110588	79157	0	6.545	3	70442	69840	4517	2406	10960	833	307	304	388
srad	_7_custom6	4.55	363118	363118	363118	1508	205	95237	62195	0	6.577	3	57915	57921	3210	2005	7833	833	307	205	975
srad	_7_custom7	4.55	396192	396192	396192	1506	152	85008	51116	0	5.544	3	48406	50772	2285	1270	5839	833	307	152	327
srad	_7_custom8	4.55	561008	9830448	18835632	1474	35	42651	25796	0	4.105	3	18113	16003	657	1020	1880	833	307	35	271
srad	_7_custom9	4.55	841780	10111220	19116404	1474	35	43928	32133	0	4.163	3	25234	40177	661	252	1879	833	307	35	5137
srad	_7_custom10	5.00	561008	9043922	17518546	1474	33	42823	25559	0	3.721	3	18317	16371	647	966	1785	833	307	33	264
srad	_7_custom11	5.00	280474	280474	280474	1474	1216	226025	221112	0	11.595	3	198057	150887	17780	5121	40616	833	307	1216	403
srad	_7_custom12	5.00	280474	280474	280474	1474	1216	226025	221112	0	11.595	3	198057	150887	17780	5121	40616	833	307	1216	403
srad	_7_custom13	5.00	841780	9324694	17799318	1474	33	43458	31824	0	4.294	3	24529	39837	651	198	1786	833	307	33	5123
srad	_7_custom14	5.00	280474	280474	280474	1474	1216	226025	221112	0	11.595	3	198057	150887	17780	5121	40616	833	307	1216	403
srad	_7_custom15	5.00	280474	280474	280474	1474	1216	226025	221112	0	11.595	3	198057	150887	17780	5121	40616	833	307	1216	403
srad	_7_custom16	5.00	280474	280474	280474	1474	1216	226025	221112	0	11.595	3	198057	150887	17780	5121	40616	833	307	1216	403
